run,package,interval,language,exec_time,num_clients,cpu_percentage,memory_usage
2024-12-02 19:44:17.541,run_7_repetition_17,,,py,180,2,0.0,42254336
2024-12-02 19:44:17.764,run_7_repetition_17,,,py,180,2,0.0,42385408
2024-12-02 19:44:17.985,run_7_repetition_17,,,py,180,2,0.0,42385408
2024-12-02 19:44:18.206,run_7_repetition_17,,,py,180,2,0.0,42385408
2024-12-02 19:44:18.427,run_7_repetition_17,,,py,180,2,0.0,42385408
2024-12-02 19:44:18.651,run_7_repetition_17,,,py,180,2,0.0,42385408
2024-12-02 19:44:18.878,run_7_repetition_17,,,py,180,2,10.0,42385408
2024-12-02 19:44:19.104,run_7_repetition_17,,,py,180,2,0.0,42385408
2024-12-02 19:44:19.337,run_7_repetition_17,,,py,180,2,0.0,42385408
2024-12-02 19:44:19.571,run_7_repetition_17,,,py,180,2,0.0,42385408
2024-12-02 19:44:19.797,run_7_repetition_17,,,py,180,2,0.0,42385408
2024-12-02 19:44:20.018,run_7_repetition_17,,,py,180,2,0.0,42385408
2024-12-02 19:44:20.240,run_7_repetition_17,,,py,180,2,0.0,42385408
2024-12-02 19:44:20.463,run_7_repetition_17,,,py,180,2,0.0,42385408
2024-12-02 19:44:20.683,run_7_repetition_17,,,py,180,2,0.0,42385408
2024-12-02 19:44:20.915,run_7_repetition_17,,,py,180,2,0.0,42385408
2024-12-02 19:44:21.140,run_7_repetition_17,,,py,180,2,0.0,42385408
2024-12-02 19:44:21.361,run_7_repetition_17,,,py,180,2,0.0,42385408
2024-12-02 19:44:21.581,run_7_repetition_17,,,py,180,2,0.0,42385408
2024-12-02 19:44:21.806,run_7_repetition_17,,,py,180,2,10.0,42385408
2024-12-02 19:44:22.038,run_7_repetition_17,,,py,180,2,0.0,42516480
2024-12-02 19:44:22.270,run_7_repetition_17,,,py,180,2,0.0,42516480
2024-12-02 19:44:22.501,run_7_repetition_17,,,py,180,2,0.0,42516480
2024-12-02 19:44:22.732,run_7_repetition_17,,,py,180,2,0.0,42516480
2024-12-02 19:44:22.953,run_7_repetition_17,,,py,180,2,0.0,42516480
2024-12-02 19:44:23.174,run_7_repetition_17,,,py,180,2,0.0,42516480
2024-12-02 19:44:23.396,run_7_repetition_17,,,py,180,2,0.0,42516480
2024-12-02 19:44:23.616,run_7_repetition_17,,,py,180,2,0.0,42516480
2024-12-02 19:44:23.839,run_7_repetition_17,,,py,180,2,0.0,42516480
2024-12-02 19:44:24.061,run_7_repetition_17,,,py,180,2,0.0,42516480
2024-12-02 19:44:24.277,run_7_repetition_17,,,py,180,2,0.0,42516480
2024-12-02 19:44:24.494,run_7_repetition_17,,,py,180,2,0.0,42516480
2024-12-02 19:44:24.711,run_7_repetition_17,,,py,180,2,0.0,42516480
2024-12-02 19:44:24.929,run_7_repetition_17,,,py,180,2,0.0,42516480
2024-12-02 19:44:25.149,run_7_repetition_17,,,py,180,2,0.0,42516480
2024-12-02 19:44:25.368,run_7_repetition_17,,,py,180,2,0.0,42516480
2024-12-02 19:44:25.589,run_7_repetition_17,,,py,180,2,10.0,42516480
2024-12-02 19:44:25.804,run_7_repetition_17,,,py,180,2,0.0,42516480
2024-12-02 19:44:26.017,run_7_repetition_17,,,py,180,2,0.0,42516480
2024-12-02 19:44:26.234,run_7_repetition_17,,,py,180,2,0.0,42516480
2024-12-02 19:44:26.444,run_7_repetition_17,,,py,180,2,10.0,42516480
2024-12-02 19:44:26.654,run_7_repetition_17,,,py,180,2,0.0,42516480
2024-12-02 19:44:26.865,run_7_repetition_17,,,py,180,2,0.0,42516480
2024-12-02 19:44:27.076,run_7_repetition_17,,,py,180,2,0.0,42516480
2024-12-02 19:44:27.286,run_7_repetition_17,,,py,180,2,0.0,42516480
2024-12-02 19:44:27.496,run_7_repetition_17,,,py,180,2,10.0,42516480
2024-12-02 19:44:27.707,run_7_repetition_17,,,py,180,2,0.0,42516480
2024-12-02 19:44:27.917,run_7_repetition_17,,,py,180,2,0.0,42516480
2024-12-02 19:44:28.127,run_7_repetition_17,,,py,180,2,0.0,42516480
2024-12-02 19:44:28.337,run_7_repetition_17,,,py,180,2,10.0,42516480
2024-12-02 19:44:28.548,run_7_repetition_17,,,py,180,2,0.0,42516480
2024-12-02 19:44:28.758,run_7_repetition_17,,,py,180,2,0.0,42516480
2024-12-02 19:44:28.969,run_7_repetition_17,,,py,180,2,0.0,42516480
2024-12-02 19:44:29.179,run_7_repetition_17,,,py,180,2,0.0,42516480
2024-12-02 19:44:29.389,run_7_repetition_17,,,py,180,2,0.0,42516480
2024-12-02 19:44:29.600,run_7_repetition_17,,,py,180,2,0.0,42516480
2024-12-02 19:44:29.810,run_7_repetition_17,,,py,180,2,0.0,42516480
2024-12-02 19:44:30.021,run_7_repetition_17,,,py,180,2,0.0,42516480
2024-12-02 19:44:30.231,run_7_repetition_17,,,py,180,2,0.0,42516480
2024-12-02 19:44:30.441,run_7_repetition_17,,,py,180,2,0.0,42516480
2024-12-02 19:44:30.651,run_7_repetition_17,,,py,180,2,0.0,42516480
2024-12-02 19:44:30.861,run_7_repetition_17,,,py,180,2,0.0,42516480
2024-12-02 19:44:31.072,run_7_repetition_17,,,py,180,2,0.0,42516480
2024-12-02 19:44:31.282,run_7_repetition_17,,,py,180,2,0.0,42516480
2024-12-02 19:44:31.492,run_7_repetition_17,,,py,180,2,10.0,42516480
2024-12-02 19:44:31.703,run_7_repetition_17,,,py,180,2,10.0,42516480
2024-12-02 19:44:31.913,run_7_repetition_17,,,py,180,2,0.0,42516480
2024-12-02 19:44:32.123,run_7_repetition_17,,,py,180,2,0.0,42516480
2024-12-02 19:44:32.333,run_7_repetition_17,,,py,180,2,0.0,42516480
2024-12-02 19:44:32.544,run_7_repetition_17,,,py,180,2,0.0,42516480
2024-12-02 19:44:32.754,run_7_repetition_17,,,py,180,2,10.0,42516480
2024-12-02 19:44:32.964,run_7_repetition_17,,,py,180,2,0.0,42516480
2024-12-02 19:44:33.175,run_7_repetition_17,,,py,180,2,0.0,42516480
2024-12-02 19:44:33.385,run_7_repetition_17,,,py,180,2,0.0,42516480
2024-12-02 19:44:33.595,run_7_repetition_17,,,py,180,2,0.0,42516480
2024-12-02 19:44:33.805,run_7_repetition_17,,,py,180,2,0.0,42516480
2024-12-02 19:44:34.015,run_7_repetition_17,,,py,180,2,0.0,42516480
2024-12-02 19:44:34.225,run_7_repetition_17,,,py,180,2,10.0,42516480
2024-12-02 19:44:34.436,run_7_repetition_17,,,py,180,2,0.0,42516480
2024-12-02 19:44:34.646,run_7_repetition_17,,,py,180,2,9.9,42516480
2024-12-02 19:44:34.856,run_7_repetition_17,,,py,180,2,0.0,42516480
2024-12-02 19:44:35.067,run_7_repetition_17,,,py,180,2,0.0,42516480
2024-12-02 19:44:35.277,run_7_repetition_17,,,py,180,2,0.0,42516480
2024-12-02 19:44:35.488,run_7_repetition_17,,,py,180,2,9.9,42516480
2024-12-02 19:44:35.698,run_7_repetition_17,,,py,180,2,0.0,42516480
2024-12-02 19:44:35.908,run_7_repetition_17,,,py,180,2,0.0,42516480
2024-12-02 19:44:36.119,run_7_repetition_17,,,py,180,2,0.0,42516480
2024-12-02 19:44:36.329,run_7_repetition_17,,,py,180,2,0.0,42516480
2024-12-02 19:44:36.540,run_7_repetition_17,,,py,180,2,0.0,42516480
2024-12-02 19:44:36.750,run_7_repetition_17,,,py,180,2,0.0,42516480
2024-12-02 19:44:36.960,run_7_repetition_17,,,py,180,2,0.0,42516480
2024-12-02 19:44:37.170,run_7_repetition_17,,,py,180,2,10.0,42516480
2024-12-02 19:44:37.380,run_7_repetition_17,,,py,180,2,0.0,42516480
2024-12-02 19:44:37.590,run_7_repetition_17,,,py,180,2,10.0,42516480
2024-12-02 19:44:37.801,run_7_repetition_17,,,py,180,2,0.0,42516480
2024-12-02 19:44:38.011,run_7_repetition_17,,,py,180,2,0.0,42516480
2024-12-02 19:44:38.221,run_7_repetition_17,,,py,180,2,0.0,42516480
2024-12-02 19:44:38.432,run_7_repetition_17,,,py,180,2,0.0,42516480
2024-12-02 19:44:38.642,run_7_repetition_17,,,py,180,2,0.0,42516480
2024-12-02 19:44:38.852,run_7_repetition_17,,,py,180,2,0.0,42516480
2024-12-02 19:44:39.064,run_7_repetition_17,,,py,180,2,0.0,42516480
2024-12-02 19:44:39.273,run_7_repetition_17,,,py,180,2,0.0,42516480
2024-12-02 19:44:39.483,run_7_repetition_17,,,py,180,2,0.0,42516480
2024-12-02 19:44:39.693,run_7_repetition_17,,,py,180,2,10.0,42516480
2024-12-02 19:44:39.904,run_7_repetition_17,,,py,180,2,0.0,42516480
2024-12-02 19:44:40.114,run_7_repetition_17,,,py,180,2,0.0,42516480
2024-12-02 19:44:40.324,run_7_repetition_17,,,py,180,2,0.0,42516480
2024-12-02 19:44:40.535,run_7_repetition_17,,,py,180,2,9.9,42516480
2024-12-02 19:44:40.746,run_7_repetition_17,,,py,180,2,0.0,42516480
2024-12-02 19:44:40.956,run_7_repetition_17,,,py,180,2,0.0,42516480
2024-12-02 19:44:41.166,run_7_repetition_17,,,py,180,2,0.0,42516480
2024-12-02 19:44:41.376,run_7_repetition_17,,,py,180,2,0.0,42516480
2024-12-02 19:44:41.587,run_7_repetition_17,,,py,180,2,0.0,42516480
2024-12-02 19:44:41.797,run_7_repetition_17,,,py,180,2,10.0,42516480
2024-12-02 19:44:42.007,run_7_repetition_17,,,py,180,2,0.0,42516480
2024-12-02 19:44:42.218,run_7_repetition_17,,,py,180,2,0.0,42516480
2024-12-02 19:44:42.428,run_7_repetition_17,,,py,180,2,0.0,42516480
2024-12-02 19:44:42.638,run_7_repetition_17,,,py,180,2,0.0,42516480
2024-12-02 19:44:42.848,run_7_repetition_17,,,py,180,2,10.0,42516480
2024-12-02 19:44:43.058,run_7_repetition_17,,,py,180,2,0.0,42516480
2024-12-02 19:44:43.268,run_7_repetition_17,,,py,180,2,0.0,42516480
2024-12-02 19:44:43.479,run_7_repetition_17,,,py,180,2,0.0,42516480
2024-12-02 19:44:43.688,run_7_repetition_17,,,py,180,2,0.0,42516480
2024-12-02 19:44:43.899,run_7_repetition_17,,,py,180,2,0.0,42516480
2024-12-02 19:44:44.109,run_7_repetition_17,,,py,180,2,0.0,42516480
2024-12-02 19:44:44.320,run_7_repetition_17,,,py,180,2,0.0,42516480
2024-12-02 19:44:44.530,run_7_repetition_17,,,py,180,2,0.0,42516480
2024-12-02 19:44:44.740,run_7_repetition_17,,,py,180,2,0.0,42516480
2024-12-02 19:44:44.950,run_7_repetition_17,,,py,180,2,10.0,42516480
2024-12-02 19:44:45.162,run_7_repetition_17,,,py,180,2,0.0,42516480
2024-12-02 19:44:45.371,run_7_repetition_17,,,py,180,2,0.0,42516480
2024-12-02 19:44:45.581,run_7_repetition_17,,,py,180,2,10.0,42516480
2024-12-02 19:44:45.791,run_7_repetition_17,,,py,180,2,0.0,42516480
2024-12-02 19:44:46.001,run_7_repetition_17,,,py,180,2,0.0,42516480
2024-12-02 19:44:46.211,run_7_repetition_17,,,py,180,2,0.0,42516480
2024-12-02 19:44:46.422,run_7_repetition_17,,,py,180,2,0.0,42516480
2024-12-02 19:44:46.632,run_7_repetition_17,,,py,180,2,0.0,42516480
2024-12-02 19:44:46.842,run_7_repetition_17,,,py,180,2,0.0,42516480
2024-12-02 19:44:47.052,run_7_repetition_17,,,py,180,2,0.0,42516480
2024-12-02 19:44:47.263,run_7_repetition_17,,,py,180,2,9.9,42516480
2024-12-02 19:44:47.473,run_7_repetition_17,,,py,180,2,0.0,42516480
2024-12-02 19:44:47.684,run_7_repetition_17,,,py,180,2,0.0,42516480
2024-12-02 19:44:47.894,run_7_repetition_17,,,py,180,2,0.0,42516480
2024-12-02 19:44:48.105,run_7_repetition_17,,,py,180,2,9.9,42516480
2024-12-02 19:44:48.315,run_7_repetition_17,,,py,180,2,0.0,42516480
2024-12-02 19:44:48.525,run_7_repetition_17,,,py,180,2,0.0,42516480
2024-12-02 19:44:48.735,run_7_repetition_17,,,py,180,2,0.0,42516480
2024-12-02 19:44:48.945,run_7_repetition_17,,,py,180,2,0.0,42516480
2024-12-02 19:44:49.156,run_7_repetition_17,,,py,180,2,0.0,42516480
2024-12-02 19:44:49.366,run_7_repetition_17,,,py,180,2,0.0,42516480
2024-12-02 19:44:49.577,run_7_repetition_17,,,py,180,2,0.0,42516480
2024-12-02 19:44:49.787,run_7_repetition_17,,,py,180,2,10.0,42516480
2024-12-02 19:44:49.997,run_7_repetition_17,,,py,180,2,0.0,42516480
2024-12-02 19:44:50.207,run_7_repetition_17,,,py,180,2,0.0,42516480
2024-12-02 19:44:50.417,run_7_repetition_17,,,py,180,2,0.0,42516480
2024-12-02 19:44:50.628,run_7_repetition_17,,,py,180,2,0.0,42516480
2024-12-02 19:44:50.838,run_7_repetition_17,,,py,180,2,0.0,42516480
2024-12-02 19:44:51.049,run_7_repetition_17,,,py,180,2,0.0,42516480
2024-12-02 19:44:51.260,run_7_repetition_17,,,py,180,2,0.0,42516480
2024-12-02 19:44:51.470,run_7_repetition_17,,,py,180,2,0.0,42516480
2024-12-02 19:44:51.681,run_7_repetition_17,,,py,180,2,0.0,42516480
2024-12-02 19:44:51.891,run_7_repetition_17,,,py,180,2,0.0,42516480
2024-12-02 19:44:52.101,run_7_repetition_17,,,py,180,2,0.0,42516480
2024-12-02 19:44:52.312,run_7_repetition_17,,,py,180,2,0.0,42516480
2024-12-02 19:44:52.522,run_7_repetition_17,,,py,180,2,0.0,42516480
2024-12-02 19:44:52.732,run_7_repetition_17,,,py,180,2,10.0,42516480
2024-12-02 19:44:52.942,run_7_repetition_17,,,py,180,2,0.0,42516480
2024-12-02 19:44:53.153,run_7_repetition_17,,,py,180,2,0.0,42516480
2024-12-02 19:44:53.363,run_7_repetition_17,,,py,180,2,0.0,42516480
2024-12-02 19:44:53.573,run_7_repetition_17,,,py,180,2,0.0,42516480
2024-12-02 19:44:53.784,run_7_repetition_17,,,py,180,2,0.0,42516480
2024-12-02 19:44:53.994,run_7_repetition_17,,,py,180,2,10.0,42516480
2024-12-02 19:44:54.205,run_7_repetition_17,,,py,180,2,0.0,42516480
2024-12-02 19:44:54.414,run_7_repetition_17,,,py,180,2,0.0,42516480
2024-12-02 19:44:54.624,run_7_repetition_17,,,py,180,2,0.0,42516480
2024-12-02 19:44:54.835,run_7_repetition_17,,,py,180,2,0.0,42516480
2024-12-02 19:44:55.045,run_7_repetition_17,,,py,180,2,0.0,42516480
2024-12-02 19:44:55.256,run_7_repetition_17,,,py,180,2,10.0,42516480
2024-12-02 19:44:55.467,run_7_repetition_17,,,py,180,2,0.0,42516480
2024-12-02 19:44:55.677,run_7_repetition_17,,,py,180,2,0.0,42516480
2024-12-02 19:44:55.887,run_7_repetition_17,,,py,180,2,0.0,42516480
2024-12-02 19:44:56.097,run_7_repetition_17,,,py,180,2,0.0,42516480
2024-12-02 19:44:56.307,run_7_repetition_17,,,py,180,2,0.0,42516480
2024-12-02 19:44:56.517,run_7_repetition_17,,,py,180,2,10.0,42516480
2024-12-02 19:44:56.727,run_7_repetition_17,,,py,180,2,0.0,42516480
2024-12-02 19:44:56.938,run_7_repetition_17,,,py,180,2,0.0,42516480
2024-12-02 19:44:57.149,run_7_repetition_17,,,py,180,2,0.0,42516480
2024-12-02 19:44:57.359,run_7_repetition_17,,,py,180,2,0.0,42516480
2024-12-02 19:44:57.569,run_7_repetition_17,,,py,180,2,0.0,42516480
2024-12-02 19:44:57.779,run_7_repetition_17,,,py,180,2,0.0,42516480
2024-12-02 19:44:57.989,run_7_repetition_17,,,py,180,2,0.0,42516480
2024-12-02 19:44:58.199,run_7_repetition_17,,,py,180,2,0.0,42516480
2024-12-02 19:44:58.409,run_7_repetition_17,,,py,180,2,0.0,42516480
2024-12-02 19:44:58.619,run_7_repetition_17,,,py,180,2,10.0,42516480
2024-12-02 19:44:58.828,run_7_repetition_17,,,py,180,2,0.0,42516480
2024-12-02 19:44:59.039,run_7_repetition_17,,,py,180,2,0.0,42516480
2024-12-02 19:44:59.249,run_7_repetition_17,,,py,180,2,0.0,42516480
2024-12-02 19:44:59.459,run_7_repetition_17,,,py,180,2,0.0,42516480
2024-12-02 19:44:59.670,run_7_repetition_17,,,py,180,2,0.0,42516480
2024-12-02 19:44:59.880,run_7_repetition_17,,,py,180,2,9.9,42516480
2024-12-02 19:45:00.090,run_7_repetition_17,,,py,180,2,10.0,42516480
2024-12-02 19:45:00.301,run_7_repetition_17,,,py,180,2,0.0,42516480
2024-12-02 19:45:00.513,run_7_repetition_17,,,py,180,2,0.0,42516480
2024-12-02 19:45:00.723,run_7_repetition_17,,,py,180,2,10.0,42516480
2024-12-02 19:45:00.933,run_7_repetition_17,,,py,180,2,0.0,42516480
2024-12-02 19:45:01.143,run_7_repetition_17,,,py,180,2,0.0,42516480
2024-12-02 19:45:01.354,run_7_repetition_17,,,py,180,2,0.0,42516480
2024-12-02 19:45:01.564,run_7_repetition_17,,,py,180,2,0.0,42516480
2024-12-02 19:45:01.774,run_7_repetition_17,,,py,180,2,0.0,42516480
2024-12-02 19:45:01.984,run_7_repetition_17,,,py,180,2,10.0,42516480
2024-12-02 19:45:02.194,run_7_repetition_17,,,py,180,2,0.0,42516480
2024-12-02 19:45:02.404,run_7_repetition_17,,,py,180,2,10.0,42516480
2024-12-02 19:45:02.615,run_7_repetition_17,,,py,180,2,0.0,42516480
2024-12-02 19:45:02.825,run_7_repetition_17,,,py,180,2,10.0,42516480
2024-12-02 19:45:03.036,run_7_repetition_17,,,py,180,2,0.0,42516480
2024-12-02 19:45:03.247,run_7_repetition_17,,,py,180,2,0.0,42516480
2024-12-02 19:45:03.457,run_7_repetition_17,,,py,180,2,0.0,42516480
2024-12-02 19:45:03.667,run_7_repetition_17,,,py,180,2,10.0,42516480
2024-12-02 19:45:03.877,run_7_repetition_17,,,py,180,2,0.0,42516480
2024-12-02 19:45:04.087,run_7_repetition_17,,,py,180,2,0.0,42516480
2024-12-02 19:45:04.297,run_7_repetition_17,,,py,180,2,0.0,42516480
2024-12-02 19:45:04.508,run_7_repetition_17,,,py,180,2,9.9,42516480
2024-12-02 19:45:04.717,run_7_repetition_17,,,py,180,2,0.0,42516480
2024-12-02 19:45:04.928,run_7_repetition_17,,,py,180,2,0.0,42516480
2024-12-02 19:45:05.138,run_7_repetition_17,,,py,180,2,0.0,42516480
2024-12-02 19:45:05.348,run_7_repetition_17,,,py,180,2,9.9,42516480
2024-12-02 19:45:05.558,run_7_repetition_17,,,py,180,2,9.9,42516480
2024-12-02 19:45:05.768,run_7_repetition_17,,,py,180,2,0.0,42516480
2024-12-02 19:45:05.979,run_7_repetition_17,,,py,180,2,0.0,42516480
2024-12-02 19:45:06.190,run_7_repetition_17,,,py,180,2,0.0,42516480
2024-12-02 19:45:06.400,run_7_repetition_17,,,py,180,2,0.0,42516480
2024-12-02 19:45:06.610,run_7_repetition_17,,,py,180,2,0.0,42516480
2024-12-02 19:45:06.820,run_7_repetition_17,,,py,180,2,0.0,42516480
2024-12-02 19:45:07.031,run_7_repetition_17,,,py,180,2,0.0,42516480
2024-12-02 19:45:07.241,run_7_repetition_17,,,py,180,2,10.0,42516480
2024-12-02 19:45:07.451,run_7_repetition_17,,,py,180,2,0.0,42516480
2024-12-02 19:45:07.661,run_7_repetition_17,,,py,180,2,0.0,42516480
2024-12-02 19:45:07.871,run_7_repetition_17,,,py,180,2,0.0,42516480
2024-12-02 19:45:08.080,run_7_repetition_17,,,py,180,2,0.0,42516480
2024-12-02 19:45:08.290,run_7_repetition_17,,,py,180,2,0.0,42516480
2024-12-02 19:45:08.501,run_7_repetition_17,,,py,180,2,0.0,42516480
2024-12-02 19:45:08.711,run_7_repetition_17,,,py,180,2,0.0,42516480
2024-12-02 19:45:08.921,run_7_repetition_17,,,py,180,2,10.0,42516480
2024-12-02 19:45:09.133,run_7_repetition_17,,,py,180,2,0.0,42516480
2024-12-02 19:45:09.342,run_7_repetition_17,,,py,180,2,0.0,42516480
2024-12-02 19:45:09.552,run_7_repetition_17,,,py,180,2,0.0,42516480
2024-12-02 19:45:09.763,run_7_repetition_17,,,py,180,2,0.0,42516480
2024-12-02 19:45:09.974,run_7_repetition_17,,,py,180,2,0.0,42516480
2024-12-02 19:45:10.186,run_7_repetition_17,,,py,180,2,9.9,42516480
2024-12-02 19:45:10.400,run_7_repetition_17,,,py,180,2,0.0,42516480
2024-12-02 19:45:10.615,run_7_repetition_17,,,py,180,2,0.0,42516480
2024-12-02 19:45:10.831,run_7_repetition_17,,,py,180,2,0.0,42516480
2024-12-02 19:45:11.048,run_7_repetition_17,,,py,180,2,0.0,42516480
2024-12-02 19:45:11.267,run_7_repetition_17,,,py,180,2,0.0,42516480
2024-12-02 19:45:11.485,run_7_repetition_17,,,py,180,2,0.0,42516480
2024-12-02 19:45:11.712,run_7_repetition_17,,,py,180,2,0.0,42516480
2024-12-02 19:45:11.943,run_7_repetition_17,,,py,180,2,0.0,42516480
2024-12-02 19:45:12.174,run_7_repetition_17,,,py,180,2,0.0,42516480
2024-12-02 19:45:12.397,run_7_repetition_17,,,py,180,2,0.0,42516480
2024-12-02 19:45:12.618,run_7_repetition_17,,,py,180,2,0.0,42516480
2024-12-02 19:45:12.840,run_7_repetition_17,,,py,180,2,0.0,42516480
2024-12-02 19:45:13.060,run_7_repetition_17,,,py,180,2,0.0,42516480
2024-12-02 19:45:13.282,run_7_repetition_17,,,py,180,2,9.9,42516480
2024-12-02 19:45:13.504,run_7_repetition_17,,,py,180,2,0.0,42516480
2024-12-02 19:45:13.724,run_7_repetition_17,,,py,180,2,0.0,42516480
2024-12-02 19:45:13.945,run_7_repetition_17,,,py,180,2,0.0,42516480
2024-12-02 19:45:14.167,run_7_repetition_17,,,py,180,2,0.0,42516480
2024-12-02 19:45:14.387,run_7_repetition_17,,,py,180,2,0.0,42516480
2024-12-02 19:45:14.608,run_7_repetition_17,,,py,180,2,10.0,42516480
2024-12-02 19:45:14.830,run_7_repetition_17,,,py,180,2,0.0,42516480
2024-12-02 19:45:15.050,run_7_repetition_17,,,py,180,2,0.0,42516480
2024-12-02 19:45:15.272,run_7_repetition_17,,,py,180,2,10.0,42516480
2024-12-02 19:45:15.493,run_7_repetition_17,,,py,180,2,0.0,42516480
2024-12-02 19:45:15.714,run_7_repetition_17,,,py,180,2,0.0,42516480
2024-12-02 19:45:15.936,run_7_repetition_17,,,py,180,2,0.0,42516480
2024-12-02 19:45:16.157,run_7_repetition_17,,,py,180,2,0.0,42516480
2024-12-02 19:45:16.377,run_7_repetition_17,,,py,180,2,0.0,42516480
2024-12-02 19:45:16.599,run_7_repetition_17,,,py,180,2,0.0,42516480
2024-12-02 19:45:16.819,run_7_repetition_17,,,py,180,2,0.0,42516480
2024-12-02 19:45:17.040,run_7_repetition_17,,,py,180,2,0.0,42516480
2024-12-02 19:45:17.262,run_7_repetition_17,,,py,180,2,0.0,42516480
2024-12-02 19:45:17.482,run_7_repetition_17,,,py,180,2,0.0,42516480
2024-12-02 19:45:17.704,run_7_repetition_17,,,py,180,2,0.0,42516480
2024-12-02 19:45:17.923,run_7_repetition_17,,,py,180,2,0.0,42516480
2024-12-02 19:45:18.141,run_7_repetition_17,,,py,180,2,10.0,42516480
2024-12-02 19:45:18.358,run_7_repetition_17,,,py,180,2,0.0,42516480
2024-12-02 19:45:18.578,run_7_repetition_17,,,py,180,2,0.0,42516480
2024-12-02 19:45:18.797,run_7_repetition_17,,,py,180,2,0.0,42516480
2024-12-02 19:45:19.017,run_7_repetition_17,,,py,180,2,10.0,42516480
2024-12-02 19:45:19.238,run_7_repetition_17,,,py,180,2,0.0,42516480
2024-12-02 19:45:19.463,run_7_repetition_17,,,py,180,2,0.0,42516480
2024-12-02 19:45:19.685,run_7_repetition_17,,,py,180,2,0.0,42516480
2024-12-02 19:45:19.916,run_7_repetition_17,,,py,180,2,10.0,42516480
2024-12-02 19:45:20.149,run_7_repetition_17,,,py,180,2,0.0,42516480
2024-12-02 19:45:20.380,run_7_repetition_17,,,py,180,2,10.0,42516480
2024-12-02 19:45:20.607,run_7_repetition_17,,,py,180,2,0.0,42516480
2024-12-02 19:45:20.828,run_7_repetition_17,,,py,180,2,0.0,42516480
2024-12-02 19:45:21.048,run_7_repetition_17,,,py,180,2,0.0,42516480
2024-12-02 19:45:21.269,run_7_repetition_17,,,py,180,2,0.0,42516480
2024-12-02 19:45:21.489,run_7_repetition_17,,,py,180,2,0.0,42516480
2024-12-02 19:45:21.710,run_7_repetition_17,,,py,180,2,0.0,42516480
2024-12-02 19:45:21.932,run_7_repetition_17,,,py,180,2,0.0,42516480
2024-12-02 19:45:22.153,run_7_repetition_17,,,py,180,2,10.0,42516480
2024-12-02 19:45:22.374,run_7_repetition_17,,,py,180,2,0.0,42516480
2024-12-02 19:45:22.596,run_7_repetition_17,,,py,180,2,0.0,42516480
2024-12-02 19:45:22.816,run_7_repetition_17,,,py,180,2,0.0,42516480
2024-12-02 19:45:23.040,run_7_repetition_17,,,py,180,2,9.9,42516480
2024-12-02 19:45:23.264,run_7_repetition_17,,,py,180,2,0.0,42516480
2024-12-02 19:45:23.495,run_7_repetition_17,,,py,180,2,0.0,42516480
2024-12-02 19:45:23.718,run_7_repetition_17,,,py,180,2,0.0,42516480
2024-12-02 19:45:23.946,run_7_repetition_17,,,py,180,2,10.0,42516480
2024-12-02 19:45:24.166,run_7_repetition_17,,,py,180,2,0.0,42516480
2024-12-02 19:45:24.386,run_7_repetition_17,,,py,180,2,0.0,42516480
2024-12-02 19:45:24.605,run_7_repetition_17,,,py,180,2,10.0,42516480
2024-12-02 19:45:24.828,run_7_repetition_17,,,py,180,2,0.0,42516480
2024-12-02 19:45:25.051,run_7_repetition_17,,,py,180,2,0.0,42516480
2024-12-02 19:45:25.273,run_7_repetition_17,,,py,180,2,0.0,42516480
2024-12-02 19:45:25.494,run_7_repetition_17,,,py,180,2,0.0,42516480
2024-12-02 19:45:25.714,run_7_repetition_17,,,py,180,2,10.0,42516480
2024-12-02 19:45:25.936,run_7_repetition_17,,,py,180,2,0.0,42516480
2024-12-02 19:45:26.156,run_7_repetition_17,,,py,180,2,0.0,42516480
2024-12-02 19:45:26.377,run_7_repetition_17,,,py,180,2,0.0,42516480
2024-12-02 19:45:26.599,run_7_repetition_17,,,py,180,2,9.9,42516480
2024-12-02 19:45:26.820,run_7_repetition_17,,,py,180,2,0.0,42516480
2024-12-02 19:45:27.042,run_7_repetition_17,,,py,180,2,0.0,42516480
2024-12-02 19:45:27.263,run_7_repetition_17,,,py,180,2,9.9,42516480
2024-12-02 19:45:27.483,run_7_repetition_17,,,py,180,2,0.0,42516480
2024-12-02 19:45:27.705,run_7_repetition_17,,,py,180,2,0.0,42516480
2024-12-02 19:45:27.927,run_7_repetition_17,,,py,180,2,10.0,42516480
2024-12-02 19:45:28.148,run_7_repetition_17,,,py,180,2,0.0,42516480
2024-12-02 19:45:28.370,run_7_repetition_17,,,py,180,2,0.0,42516480
2024-12-02 19:45:28.591,run_7_repetition_17,,,py,180,2,0.0,42516480
2024-12-02 19:45:28.817,run_7_repetition_17,,,py,180,2,10.0,42516480
2024-12-02 19:45:29.038,run_7_repetition_17,,,py,180,2,0.0,42516480
2024-12-02 19:45:29.260,run_7_repetition_17,,,py,180,2,9.9,42516480
2024-12-02 19:45:29.481,run_7_repetition_17,,,py,180,2,0.0,42516480
2024-12-02 19:45:29.702,run_7_repetition_17,,,py,180,2,0.0,42516480
2024-12-02 19:45:29.923,run_7_repetition_17,,,py,180,2,0.0,42516480
2024-12-02 19:45:30.146,run_7_repetition_17,,,py,180,2,0.0,42516480
2024-12-02 19:45:30.367,run_7_repetition_17,,,py,180,2,0.0,42516480
2024-12-02 19:45:30.588,run_7_repetition_17,,,py,180,2,0.0,42516480
2024-12-02 19:45:30.812,run_7_repetition_17,,,py,180,2,0.0,42516480
2024-12-02 19:45:31.031,run_7_repetition_17,,,py,180,2,0.0,42516480
2024-12-02 19:45:31.251,run_7_repetition_17,,,py,180,2,0.0,42516480
2024-12-02 19:45:31.473,run_7_repetition_17,,,py,180,2,0.0,42516480
2024-12-02 19:45:31.695,run_7_repetition_17,,,py,180,2,9.9,42516480
2024-12-02 19:45:31.916,run_7_repetition_17,,,py,180,2,0.0,42516480
2024-12-02 19:45:32.138,run_7_repetition_17,,,py,180,2,0.0,42516480
2024-12-02 19:45:32.359,run_7_repetition_17,,,py,180,2,0.0,42516480
2024-12-02 19:45:32.581,run_7_repetition_17,,,py,180,2,0.0,42516480
2024-12-02 19:45:32.802,run_7_repetition_17,,,py,180,2,0.0,42516480
2024-12-02 19:45:33.023,run_7_repetition_17,,,py,180,2,0.0,42516480
2024-12-02 19:45:33.245,run_7_repetition_17,,,py,180,2,9.9,42516480
2024-12-02 19:45:33.466,run_7_repetition_17,,,py,180,2,0.0,42516480
2024-12-02 19:45:33.686,run_7_repetition_17,,,py,180,2,0.0,42516480
2024-12-02 19:45:33.908,run_7_repetition_17,,,py,180,2,0.0,42516480
2024-12-02 19:45:34.129,run_7_repetition_17,,,py,180,2,0.0,42516480
2024-12-02 19:45:34.350,run_7_repetition_17,,,py,180,2,0.0,42516480
2024-12-02 19:45:34.572,run_7_repetition_17,,,py,180,2,0.0,42516480
2024-12-02 19:45:34.794,run_7_repetition_17,,,py,180,2,0.0,42516480
2024-12-02 19:45:35.016,run_7_repetition_17,,,py,180,2,0.0,42516480
2024-12-02 19:45:35.236,run_7_repetition_17,,,py,180,2,0.0,42516480
2024-12-02 19:45:35.457,run_7_repetition_17,,,py,180,2,0.0,42516480
2024-12-02 19:45:35.678,run_7_repetition_17,,,py,180,2,0.0,42516480
2024-12-02 19:45:35.899,run_7_repetition_17,,,py,180,2,0.0,42516480
2024-12-02 19:45:36.121,run_7_repetition_17,,,py,180,2,0.0,42516480
2024-12-02 19:45:36.343,run_7_repetition_17,,,py,180,2,0.0,42516480
2024-12-02 19:45:36.563,run_7_repetition_17,,,py,180,2,0.0,42516480
2024-12-02 19:45:36.784,run_7_repetition_17,,,py,180,2,0.0,42516480
2024-12-02 19:45:37.015,run_7_repetition_17,,,py,180,2,0.0,42516480
2024-12-02 19:45:37.246,run_7_repetition_17,,,py,180,2,0.0,42516480
2024-12-02 19:45:37.478,run_7_repetition_17,,,py,180,2,10.0,42516480
2024-12-02 19:45:37.710,run_7_repetition_17,,,py,180,2,0.0,42516480
2024-12-02 19:45:37.937,run_7_repetition_17,,,py,180,2,0.0,42516480
2024-12-02 19:45:38.158,run_7_repetition_17,,,py,180,2,0.0,42516480
2024-12-02 19:45:38.380,run_7_repetition_17,,,py,180,2,0.0,42516480
2024-12-02 19:45:38.601,run_7_repetition_17,,,py,180,2,0.0,42516480
2024-12-02 19:45:38.823,run_7_repetition_17,,,py,180,2,0.0,42516480
2024-12-02 19:45:39.044,run_7_repetition_17,,,py,180,2,0.0,42516480
2024-12-02 19:45:39.265,run_7_repetition_17,,,py,180,2,0.0,42516480
2024-12-02 19:45:39.487,run_7_repetition_17,,,py,180,2,0.0,42516480
2024-12-02 19:45:39.708,run_7_repetition_17,,,py,180,2,0.0,42516480
2024-12-02 19:45:39.928,run_7_repetition_17,,,py,180,2,0.0,42516480
2024-12-02 19:45:40.149,run_7_repetition_17,,,py,180,2,0.0,42516480
2024-12-02 19:45:40.371,run_7_repetition_17,,,py,180,2,0.0,42516480
2024-12-02 19:45:40.592,run_7_repetition_17,,,py,180,2,0.0,42516480
2024-12-02 19:45:40.814,run_7_repetition_17,,,py,180,2,0.0,42516480
2024-12-02 19:45:41.035,run_7_repetition_17,,,py,180,2,10.0,42516480
2024-12-02 19:45:41.256,run_7_repetition_17,,,py,180,2,0.0,42516480
2024-12-02 19:45:41.476,run_7_repetition_17,,,py,180,2,0.0,42516480
2024-12-02 19:45:41.697,run_7_repetition_17,,,py,180,2,0.0,42516480
2024-12-02 19:45:41.918,run_7_repetition_17,,,py,180,2,9.9,42516480
2024-12-02 19:45:42.140,run_7_repetition_17,,,py,180,2,0.0,42516480
2024-12-02 19:45:42.361,run_7_repetition_17,,,py,180,2,0.0,42516480
2024-12-02 19:45:42.582,run_7_repetition_17,,,py,180,2,0.0,42516480
2024-12-02 19:45:42.802,run_7_repetition_17,,,py,180,2,0.0,42516480
2024-12-02 19:45:43.023,run_7_repetition_17,,,py,180,2,0.0,42516480
2024-12-02 19:45:43.245,run_7_repetition_17,,,py,180,2,0.0,42516480
2024-12-02 19:45:43.466,run_7_repetition_17,,,py,180,2,0.0,42516480
2024-12-02 19:45:43.686,run_7_repetition_17,,,py,180,2,0.0,42516480
2024-12-02 19:45:43.908,run_7_repetition_17,,,py,180,2,0.0,42516480
2024-12-02 19:45:44.129,run_7_repetition_17,,,py,180,2,0.0,42516480
2024-12-02 19:45:44.350,run_7_repetition_17,,,py,180,2,0.0,42516480
2024-12-02 19:45:44.571,run_7_repetition_17,,,py,180,2,0.0,42516480
2024-12-02 19:45:44.792,run_7_repetition_17,,,py,180,2,0.0,42516480
2024-12-02 19:45:45.013,run_7_repetition_17,,,py,180,2,0.0,42516480
2024-12-02 19:45:45.234,run_7_repetition_17,,,py,180,2,10.0,42516480
2024-12-02 19:45:45.454,run_7_repetition_17,,,py,180,2,0.0,42516480
2024-12-02 19:45:45.675,run_7_repetition_17,,,py,180,2,0.0,42516480
2024-12-02 19:45:45.896,run_7_repetition_17,,,py,180,2,0.0,42516480
2024-12-02 19:45:46.117,run_7_repetition_17,,,py,180,2,9.9,42516480
2024-12-02 19:45:46.338,run_7_repetition_17,,,py,180,2,0.0,42516480
2024-12-02 19:45:46.558,run_7_repetition_17,,,py,180,2,0.0,42516480
2024-12-02 19:45:46.779,run_7_repetition_17,,,py,180,2,9.9,42516480
2024-12-02 19:45:47.003,run_7_repetition_17,,,py,180,2,0.0,42516480
2024-12-02 19:45:47.224,run_7_repetition_17,,,py,180,2,0.0,42516480
2024-12-02 19:45:47.446,run_7_repetition_17,,,py,180,2,0.0,42516480
2024-12-02 19:45:47.667,run_7_repetition_17,,,py,180,2,0.0,42516480
2024-12-02 19:45:47.888,run_7_repetition_17,,,py,180,2,9.9,42516480
2024-12-02 19:45:48.109,run_7_repetition_17,,,py,180,2,0.0,42516480
2024-12-02 19:45:48.331,run_7_repetition_17,,,py,180,2,0.0,42516480
2024-12-02 19:45:48.551,run_7_repetition_17,,,py,180,2,10.0,42516480
2024-12-02 19:45:48.772,run_7_repetition_17,,,py,180,2,0.0,42516480
2024-12-02 19:45:48.992,run_7_repetition_17,,,py,180,2,0.0,42516480
2024-12-02 19:45:49.212,run_7_repetition_17,,,py,180,2,0.0,42516480
2024-12-02 19:45:49.434,run_7_repetition_17,,,py,180,2,10.0,42516480
2024-12-02 19:45:49.655,run_7_repetition_17,,,py,180,2,0.0,42516480
2024-12-02 19:45:49.875,run_7_repetition_17,,,py,180,2,0.0,42516480
2024-12-02 19:45:50.096,run_7_repetition_17,,,py,180,2,0.0,42516480
2024-12-02 19:45:50.317,run_7_repetition_17,,,py,180,2,0.0,42516480
2024-12-02 19:45:50.538,run_7_repetition_17,,,py,180,2,9.9,42516480
2024-12-02 19:45:50.759,run_7_repetition_17,,,py,180,2,0.0,42516480
2024-12-02 19:45:50.981,run_7_repetition_17,,,py,180,2,0.0,42516480
2024-12-02 19:45:51.202,run_7_repetition_17,,,py,180,2,9.9,42516480
2024-12-02 19:45:51.423,run_7_repetition_17,,,py,180,2,0.0,42516480
2024-12-02 19:45:51.644,run_7_repetition_17,,,py,180,2,0.0,42516480
2024-12-02 19:45:51.865,run_7_repetition_17,,,py,180,2,0.0,42516480
2024-12-02 19:45:52.087,run_7_repetition_17,,,py,180,2,0.0,42516480
2024-12-02 19:45:52.308,run_7_repetition_17,,,py,180,2,0.0,42516480
2024-12-02 19:45:52.529,run_7_repetition_17,,,py,180,2,0.0,42516480
2024-12-02 19:45:52.750,run_7_repetition_17,,,py,180,2,0.0,42516480
2024-12-02 19:45:52.971,run_7_repetition_17,,,py,180,2,0.0,42516480
2024-12-02 19:45:53.192,run_7_repetition_17,,,py,180,2,0.0,42516480
2024-12-02 19:45:53.414,run_7_repetition_17,,,py,180,2,0.0,42516480
2024-12-02 19:45:53.635,run_7_repetition_17,,,py,180,2,0.0,42516480
2024-12-02 19:45:53.855,run_7_repetition_17,,,py,180,2,0.0,42516480
2024-12-02 19:45:54.075,run_7_repetition_17,,,py,180,2,0.0,42516480
2024-12-02 19:45:54.296,run_7_repetition_17,,,py,180,2,0.0,42516480
2024-12-02 19:45:54.517,run_7_repetition_17,,,py,180,2,0.0,42516480
2024-12-02 19:45:54.738,run_7_repetition_17,,,py,180,2,0.0,42516480
2024-12-02 19:45:54.959,run_7_repetition_17,,,py,180,2,0.0,42516480
2024-12-02 19:45:55.180,run_7_repetition_17,,,py,180,2,0.0,42516480
2024-12-02 19:45:55.400,run_7_repetition_17,,,py,180,2,0.0,42516480
2024-12-02 19:45:55.620,run_7_repetition_17,,,py,180,2,0.0,42516480
2024-12-02 19:45:55.841,run_7_repetition_17,,,py,180,2,0.0,42516480
2024-12-02 19:45:56.060,run_7_repetition_17,,,py,180,2,0.0,42516480
2024-12-02 19:45:56.281,run_7_repetition_17,,,py,180,2,0.0,42516480
2024-12-02 19:45:56.502,run_7_repetition_17,,,py,180,2,0.0,42516480
2024-12-02 19:45:56.723,run_7_repetition_17,,,py,180,2,0.0,42516480
2024-12-02 19:45:56.944,run_7_repetition_17,,,py,180,2,0.0,42516480
2024-12-02 19:45:57.168,run_7_repetition_17,,,py,180,2,0.0,42516480
2024-12-02 19:45:57.388,run_7_repetition_17,,,py,180,2,10.0,42516480
2024-12-02 19:45:57.609,run_7_repetition_17,,,py,180,2,0.0,42516480
2024-12-02 19:45:57.830,run_7_repetition_17,,,py,180,2,0.0,42516480
2024-12-02 19:45:58.051,run_7_repetition_17,,,py,180,2,0.0,42516480
2024-12-02 19:45:58.273,run_7_repetition_17,,,py,180,2,0.0,42516480
2024-12-02 19:45:58.494,run_7_repetition_17,,,py,180,2,0.0,42516480
2024-12-02 19:45:58.715,run_7_repetition_17,,,py,180,2,10.0,42516480
2024-12-02 19:45:58.936,run_7_repetition_17,,,py,180,2,0.0,42516480
2024-12-02 19:45:59.156,run_7_repetition_17,,,py,180,2,0.0,42516480
2024-12-02 19:45:59.376,run_7_repetition_17,,,py,180,2,0.0,42516480
2024-12-02 19:45:59.599,run_7_repetition_17,,,py,180,2,0.0,42516480
2024-12-02 19:45:59.828,run_7_repetition_17,,,py,180,2,0.0,42516480
2024-12-02 19:46:00.049,run_7_repetition_17,,,py,180,2,0.0,42516480
2024-12-02 19:46:00.270,run_7_repetition_17,,,py,180,2,0.0,42516480
2024-12-02 19:46:00.491,run_7_repetition_17,,,py,180,2,0.0,42516480
2024-12-02 19:46:00.712,run_7_repetition_17,,,py,180,2,0.0,42516480
2024-12-02 19:46:00.934,run_7_repetition_17,,,py,180,2,0.0,42516480
2024-12-02 19:46:01.155,run_7_repetition_17,,,py,180,2,0.0,42516480
2024-12-02 19:46:01.377,run_7_repetition_17,,,py,180,2,0.0,42516480
2024-12-02 19:46:01.597,run_7_repetition_17,,,py,180,2,0.0,42516480
2024-12-02 19:46:01.817,run_7_repetition_17,,,py,180,2,10.0,42516480
2024-12-02 19:46:02.039,run_7_repetition_17,,,py,180,2,0.0,42516480
2024-12-02 19:46:02.259,run_7_repetition_17,,,py,180,2,0.0,42516480
2024-12-02 19:46:02.481,run_7_repetition_17,,,py,180,2,0.0,42516480
2024-12-02 19:46:02.702,run_7_repetition_17,,,py,180,2,0.0,42516480
2024-12-02 19:46:02.922,run_7_repetition_17,,,py,180,2,0.0,42516480
2024-12-02 19:46:03.144,run_7_repetition_17,,,py,180,2,9.9,42516480
2024-12-02 19:46:03.376,run_7_repetition_17,,,py,180,2,0.0,42516480
2024-12-02 19:46:03.606,run_7_repetition_17,,,py,180,2,0.0,42516480
2024-12-02 19:46:03.836,run_7_repetition_17,,,py,180,2,0.0,42516480
2024-12-02 19:46:04.057,run_7_repetition_17,,,py,180,2,0.0,42516480
2024-12-02 19:46:04.279,run_7_repetition_17,,,py,180,2,9.9,42516480
2024-12-02 19:46:04.499,run_7_repetition_17,,,py,180,2,0.0,42516480
2024-12-02 19:46:04.720,run_7_repetition_17,,,py,180,2,0.0,42516480
2024-12-02 19:46:04.944,run_7_repetition_17,,,py,180,2,0.0,42516480
2024-12-02 19:46:05.165,run_7_repetition_17,,,py,180,2,0.0,42516480
2024-12-02 19:46:05.386,run_7_repetition_17,,,py,180,2,0.0,42516480
2024-12-02 19:46:05.607,run_7_repetition_17,,,py,180,2,10.0,42516480
2024-12-02 19:46:05.827,run_7_repetition_17,,,py,180,2,0.0,42516480
2024-12-02 19:46:06.049,run_7_repetition_17,,,py,180,2,0.0,42516480
2024-12-02 19:46:06.269,run_7_repetition_17,,,py,180,2,0.0,42516480
2024-12-02 19:46:06.490,run_7_repetition_17,,,py,180,2,9.9,42516480
2024-12-02 19:46:06.711,run_7_repetition_17,,,py,180,2,0.0,42516480
2024-12-02 19:46:06.932,run_7_repetition_17,,,py,180,2,0.0,42516480
2024-12-02 19:46:07.152,run_7_repetition_17,,,py,180,2,0.0,42516480
2024-12-02 19:46:07.373,run_7_repetition_17,,,py,180,2,0.0,42516480
2024-12-02 19:46:07.594,run_7_repetition_17,,,py,180,2,0.0,42516480
2024-12-02 19:46:07.816,run_7_repetition_17,,,py,180,2,0.0,42516480
2024-12-02 19:46:08.037,run_7_repetition_17,,,py,180,2,9.9,42516480
2024-12-02 19:46:08.257,run_7_repetition_17,,,py,180,2,0.0,42516480
2024-12-02 19:46:08.478,run_7_repetition_17,,,py,180,2,0.0,42516480
2024-12-02 19:46:08.699,run_7_repetition_17,,,py,180,2,10.0,42516480
2024-12-02 19:46:08.920,run_7_repetition_17,,,py,180,2,0.0,42516480
2024-12-02 19:46:09.141,run_7_repetition_17,,,py,180,2,0.0,42516480
2024-12-02 19:46:09.361,run_7_repetition_17,,,py,180,2,0.0,42516480
2024-12-02 19:46:09.581,run_7_repetition_17,,,py,180,2,0.0,42516480
2024-12-02 19:46:09.802,run_7_repetition_17,,,py,180,2,0.0,42516480
2024-12-02 19:46:10.023,run_7_repetition_17,,,py,180,2,0.0,42516480
2024-12-02 19:46:10.244,run_7_repetition_17,,,py,180,2,9.9,42516480
2024-12-02 19:46:10.466,run_7_repetition_17,,,py,180,2,0.0,42516480
2024-12-02 19:46:10.686,run_7_repetition_17,,,py,180,2,0.0,42516480
2024-12-02 19:46:10.907,run_7_repetition_17,,,py,180,2,9.9,42516480
2024-12-02 19:46:11.129,run_7_repetition_17,,,py,180,2,0.0,42516480
2024-12-02 19:46:11.348,run_7_repetition_17,,,py,180,2,0.0,42516480
2024-12-02 19:46:11.569,run_7_repetition_17,,,py,180,2,0.0,42516480
2024-12-02 19:46:11.791,run_7_repetition_17,,,py,180,2,0.0,42516480
2024-12-02 19:46:12.011,run_7_repetition_17,,,py,180,2,0.0,42516480
2024-12-02 19:46:12.233,run_7_repetition_17,,,py,180,2,9.9,42516480
2024-12-02 19:46:12.454,run_7_repetition_17,,,py,180,2,0.0,42516480
2024-12-02 19:46:12.675,run_7_repetition_17,,,py,180,2,0.0,42516480
2024-12-02 19:46:12.896,run_7_repetition_17,,,py,180,2,0.0,42516480
2024-12-02 19:46:13.117,run_7_repetition_17,,,py,180,2,0.0,42516480
2024-12-02 19:46:13.339,run_7_repetition_17,,,py,180,2,0.0,42516480
2024-12-02 19:46:13.559,run_7_repetition_17,,,py,180,2,0.0,42516480
2024-12-02 19:46:13.779,run_7_repetition_17,,,py,180,2,10.0,42516480
2024-12-02 19:46:14.000,run_7_repetition_17,,,py,180,2,0.0,42516480
2024-12-02 19:46:14.221,run_7_repetition_17,,,py,180,2,0.0,42516480
2024-12-02 19:46:14.441,run_7_repetition_17,,,py,180,2,0.0,42516480
2024-12-02 19:46:14.662,run_7_repetition_17,,,py,180,2,0.0,42516480
2024-12-02 19:46:14.883,run_7_repetition_17,,,py,180,2,0.0,42516480
2024-12-02 19:46:15.104,run_7_repetition_17,,,py,180,2,0.0,42516480
2024-12-02 19:46:15.324,run_7_repetition_17,,,py,180,2,10.0,42516480
2024-12-02 19:46:15.546,run_7_repetition_17,,,py,180,2,10.0,42516480
2024-12-02 19:46:15.767,run_7_repetition_17,,,py,180,2,0.0,42516480
2024-12-02 19:46:15.988,run_7_repetition_17,,,py,180,2,0.0,42516480
2024-12-02 19:46:16.210,run_7_repetition_17,,,py,180,2,0.0,42516480
2024-12-02 19:46:16.430,run_7_repetition_17,,,py,180,2,0.0,42516480
2024-12-02 19:46:16.651,run_7_repetition_17,,,py,180,2,0.0,42516480
2024-12-02 19:46:16.873,run_7_repetition_17,,,py,180,2,0.0,42516480
2024-12-02 19:46:17.094,run_7_repetition_17,,,py,180,2,0.0,42516480
2024-12-02 19:46:17.318,run_7_repetition_17,,,py,180,2,0.0,42516480
2024-12-02 19:46:17.539,run_7_repetition_17,,,py,180,2,0.0,42516480
2024-12-02 19:46:17.760,run_7_repetition_17,,,py,180,2,0.0,42516480
2024-12-02 19:46:17.982,run_7_repetition_17,,,py,180,2,0.0,42516480
2024-12-02 19:46:18.202,run_7_repetition_17,,,py,180,2,0.0,42516480
2024-12-02 19:46:18.423,run_7_repetition_17,,,py,180,2,0.0,42516480
2024-12-02 19:46:18.644,run_7_repetition_17,,,py,180,2,0.0,42516480
2024-12-02 19:46:18.865,run_7_repetition_17,,,py,180,2,0.0,42516480
2024-12-02 19:46:19.085,run_7_repetition_17,,,py,180,2,0.0,42516480
2024-12-02 19:46:19.308,run_7_repetition_17,,,py,180,2,9.9,42516480
2024-12-02 19:46:19.529,run_7_repetition_17,,,py,180,2,0.0,42516480
2024-12-02 19:46:19.750,run_7_repetition_17,,,py,180,2,0.0,42516480
2024-12-02 19:46:19.972,run_7_repetition_17,,,py,180,2,0.0,42516480
2024-12-02 19:46:20.192,run_7_repetition_17,,,py,180,2,0.0,42516480
2024-12-02 19:46:20.414,run_7_repetition_17,,,py,180,2,0.0,42516480
2024-12-02 19:46:20.634,run_7_repetition_17,,,py,180,2,0.0,42516480
2024-12-02 19:46:20.854,run_7_repetition_17,,,py,180,2,10.0,42516480
2024-12-02 19:46:21.075,run_7_repetition_17,,,py,180,2,0.0,42516480
2024-12-02 19:46:21.296,run_7_repetition_17,,,py,180,2,0.0,42516480
2024-12-02 19:46:21.516,run_7_repetition_17,,,py,180,2,0.0,42516480
2024-12-02 19:46:21.740,run_7_repetition_17,,,py,180,2,0.0,42516480
2024-12-02 19:46:21.960,run_7_repetition_17,,,py,180,2,0.0,42516480
2024-12-02 19:46:22.181,run_7_repetition_17,,,py,180,2,0.0,42516480
2024-12-02 19:46:22.402,run_7_repetition_17,,,py,180,2,0.0,42516480
2024-12-02 19:46:22.624,run_7_repetition_17,,,py,180,2,10.0,42516480
2024-12-02 19:46:22.846,run_7_repetition_17,,,py,180,2,0.0,42516480
2024-12-02 19:46:23.067,run_7_repetition_17,,,py,180,2,0.0,42516480
2024-12-02 19:46:23.288,run_7_repetition_17,,,py,180,2,0.0,42516480
2024-12-02 19:46:23.508,run_7_repetition_17,,,py,180,2,0.0,42516480
2024-12-02 19:46:23.729,run_7_repetition_17,,,py,180,2,0.0,42516480
2024-12-02 19:46:23.950,run_7_repetition_17,,,py,180,2,0.0,42516480
2024-12-02 19:46:24.176,run_7_repetition_17,,,py,180,2,0.0,42516480
2024-12-02 19:46:24.392,run_7_repetition_17,,,py,180,2,0.0,42516480
2024-12-02 19:46:24.610,run_7_repetition_17,,,py,180,2,10.0,42516480
2024-12-02 19:46:24.828,run_7_repetition_17,,,py,180,2,0.0,42516480
2024-12-02 19:46:25.045,run_7_repetition_17,,,py,180,2,0.0,42516480
2024-12-02 19:46:25.263,run_7_repetition_17,,,py,180,2,0.0,42516480
2024-12-02 19:46:25.482,run_7_repetition_17,,,py,180,2,0.0,42516480
2024-12-02 19:46:25.702,run_7_repetition_17,,,py,180,2,0.0,42516480
2024-12-02 19:46:25.924,run_7_repetition_17,,,py,180,2,0.0,42516480
2024-12-02 19:46:26.151,run_7_repetition_17,,,py,180,2,0.0,42516480
2024-12-02 19:46:26.364,run_7_repetition_17,,,py,180,2,0.0,42516480
2024-12-02 19:46:26.579,run_7_repetition_17,,,py,180,2,0.0,42516480
2024-12-02 19:46:26.800,run_7_repetition_17,,,py,180,2,10.0,42516480
2024-12-02 19:46:27.009,run_7_repetition_17,,,py,180,2,0.0,42516480
2024-12-02 19:46:27.220,run_7_repetition_17,,,py,180,2,0.0,42516480
2024-12-02 19:46:27.432,run_7_repetition_17,,,py,180,2,0.0,42516480
2024-12-02 19:46:27.644,run_7_repetition_17,,,py,180,2,0.0,42516480
2024-12-02 19:46:27.856,run_7_repetition_17,,,py,180,2,0.0,42516480
2024-12-02 19:46:28.069,run_7_repetition_17,,,py,180,2,0.0,42516480
2024-12-02 19:46:28.284,run_7_repetition_17,,,py,180,2,0.0,42516480
2024-12-02 19:46:28.500,run_7_repetition_17,,,py,180,2,0.0,42516480
2024-12-02 19:46:28.716,run_7_repetition_17,,,py,180,2,0.0,42516480
2024-12-02 19:46:28.934,run_7_repetition_17,,,py,180,2,0.0,42516480
2024-12-02 19:46:29.152,run_7_repetition_17,,,py,180,2,0.0,42516480
2024-12-02 19:46:29.370,run_7_repetition_17,,,py,180,2,0.0,42516480
2024-12-02 19:46:29.589,run_7_repetition_17,,,py,180,2,0.0,42516480
2024-12-02 19:46:29.810,run_7_repetition_17,,,py,180,2,0.0,42516480
2024-12-02 19:46:30.030,run_7_repetition_17,,,py,180,2,0.0,42516480
2024-12-02 19:46:30.251,run_7_repetition_17,,,py,180,2,0.0,42516480
2024-12-02 19:46:30.471,run_7_repetition_17,,,py,180,2,0.0,42516480
2024-12-02 19:46:30.692,run_7_repetition_17,,,py,180,2,0.0,42516480
2024-12-02 19:46:30.911,run_7_repetition_17,,,py,180,2,0.0,42516480
2024-12-02 19:46:31.132,run_7_repetition_17,,,py,180,2,0.0,42516480
2024-12-02 19:46:31.353,run_7_repetition_17,,,py,180,2,0.0,42516480
2024-12-02 19:46:31.574,run_7_repetition_17,,,py,180,2,0.0,42516480
2024-12-02 19:46:31.795,run_7_repetition_17,,,py,180,2,0.0,42516480
2024-12-02 19:46:32.016,run_7_repetition_17,,,py,180,2,0.0,42516480
2024-12-02 19:46:32.238,run_7_repetition_17,,,py,180,2,0.0,42516480
2024-12-02 19:46:32.458,run_7_repetition_17,,,py,180,2,0.0,42516480
2024-12-02 19:46:32.680,run_7_repetition_17,,,py,180,2,0.0,42516480
2024-12-02 19:46:32.901,run_7_repetition_17,,,py,180,2,0.0,42516480
2024-12-02 19:46:33.121,run_7_repetition_17,,,py,180,2,0.0,42516480
2024-12-02 19:46:33.343,run_7_repetition_17,,,py,180,2,9.9,42516480
2024-12-02 19:46:33.565,run_7_repetition_17,,,py,180,2,0.0,42516480
2024-12-02 19:46:33.786,run_7_repetition_17,,,py,180,2,0.0,42516480
2024-12-02 19:46:34.008,run_7_repetition_17,,,py,180,2,0.0,42516480
2024-12-02 19:46:34.229,run_7_repetition_17,,,py,180,2,0.0,42516480
2024-12-02 19:46:34.450,run_7_repetition_17,,,py,180,2,9.9,42516480
2024-12-02 19:46:34.671,run_7_repetition_17,,,py,180,2,0.0,42516480
2024-12-02 19:46:34.892,run_7_repetition_17,,,py,180,2,0.0,42516480
2024-12-02 19:46:35.112,run_7_repetition_17,,,py,180,2,0.0,42516480
2024-12-02 19:46:35.334,run_7_repetition_17,,,py,180,2,0.0,42516480
2024-12-02 19:46:35.555,run_7_repetition_17,,,py,180,2,0.0,42516480
2024-12-02 19:46:35.776,run_7_repetition_17,,,py,180,2,0.0,42516480
2024-12-02 19:46:35.997,run_7_repetition_17,,,py,180,2,0.0,42516480
2024-12-02 19:46:36.218,run_7_repetition_17,,,py,180,2,0.0,42516480
2024-12-02 19:46:36.440,run_7_repetition_17,,,py,180,2,0.0,42516480
2024-12-02 19:46:36.661,run_7_repetition_17,,,py,180,2,0.0,42516480
2024-12-02 19:46:36.881,run_7_repetition_17,,,py,180,2,0.0,42516480
2024-12-02 19:46:37.102,run_7_repetition_17,,,py,180,2,0.0,42516480
2024-12-02 19:46:37.323,run_7_repetition_17,,,py,180,2,0.0,42516480
2024-12-02 19:46:37.544,run_7_repetition_17,,,py,180,2,9.9,42516480
2024-12-02 19:46:37.766,run_7_repetition_17,,,py,180,2,0.0,42516480
2024-12-02 19:46:37.987,run_7_repetition_17,,,py,180,2,0.0,42516480
2024-12-02 19:46:38.207,run_7_repetition_17,,,py,180,2,0.0,42516480
2024-12-02 19:46:38.429,run_7_repetition_17,,,py,180,2,9.9,42516480
2024-12-02 19:46:38.650,run_7_repetition_17,,,py,180,2,0.0,42516480
2024-12-02 19:46:38.870,run_7_repetition_17,,,py,180,2,9.9,42516480
2024-12-02 19:46:39.092,run_7_repetition_17,,,py,180,2,0.0,42516480
2024-12-02 19:46:39.312,run_7_repetition_17,,,py,180,2,0.0,42516480
2024-12-02 19:46:39.539,run_7_repetition_17,,,py,180,2,0.0,42516480
2024-12-02 19:46:39.770,run_7_repetition_17,,,py,180,2,0.0,42516480
2024-12-02 19:46:40.000,run_7_repetition_17,,,py,180,2,0.0,42516480
2024-12-02 19:46:40.230,run_7_repetition_17,,,py,180,2,0.0,42516480
2024-12-02 19:46:40.460,run_7_repetition_17,,,py,180,2,10.0,42516480
2024-12-02 19:46:40.691,run_7_repetition_17,,,py,180,2,0.0,42516480
2024-12-02 19:46:40.916,run_7_repetition_17,,,py,180,2,0.0,42516480
2024-12-02 19:46:41.137,run_7_repetition_17,,,py,180,2,0.0,42516480
2024-12-02 19:46:41.357,run_7_repetition_17,,,py,180,2,0.0,42516480
2024-12-02 19:46:41.579,run_7_repetition_17,,,py,180,2,0.0,42516480
2024-12-02 19:46:41.800,run_7_repetition_17,,,py,180,2,0.0,42516480
2024-12-02 19:46:42.021,run_7_repetition_17,,,py,180,2,9.9,42516480
2024-12-02 19:46:42.242,run_7_repetition_17,,,py,180,2,0.0,42516480
2024-12-02 19:46:42.463,run_7_repetition_17,,,py,180,2,0.0,42516480
2024-12-02 19:46:42.684,run_7_repetition_17,,,py,180,2,0.0,42516480
2024-12-02 19:46:42.904,run_7_repetition_17,,,py,180,2,0.0,42516480
2024-12-02 19:46:43.125,run_7_repetition_17,,,py,180,2,0.0,42516480
2024-12-02 19:46:43.347,run_7_repetition_17,,,py,180,2,0.0,42516480
2024-12-02 19:46:43.569,run_7_repetition_17,,,py,180,2,0.0,42516480
2024-12-02 19:46:43.800,run_7_repetition_17,,,py,180,2,9.9,42516480
2024-12-02 19:46:44.030,run_7_repetition_17,,,py,180,2,0.0,42516480
2024-12-02 19:46:44.260,run_7_repetition_17,,,py,180,2,0.0,42516480
2024-12-02 19:46:44.490,run_7_repetition_17,,,py,180,2,10.0,42516480
2024-12-02 19:46:44.721,run_7_repetition_17,,,py,180,2,0.0,42516480
2024-12-02 19:46:44.951,run_7_repetition_17,,,py,180,2,0.0,42516480
2024-12-02 19:46:45.172,run_7_repetition_17,,,py,180,2,0.0,42516480
2024-12-02 19:46:45.392,run_7_repetition_17,,,py,180,2,0.0,42516480
2024-12-02 19:46:45.612,run_7_repetition_17,,,py,180,2,0.0,42516480
2024-12-02 19:46:45.833,run_7_repetition_17,,,py,180,2,0.0,42516480
2024-12-02 19:46:46.053,run_7_repetition_17,,,py,180,2,0.0,42516480
2024-12-02 19:46:46.274,run_7_repetition_17,,,py,180,2,0.0,42516480
2024-12-02 19:46:46.495,run_7_repetition_17,,,py,180,2,0.0,42516480
2024-12-02 19:46:46.716,run_7_repetition_17,,,py,180,2,10.0,42516480
2024-12-02 19:46:46.937,run_7_repetition_17,,,py,180,2,0.0,42516480
2024-12-02 19:46:47.159,run_7_repetition_17,,,py,180,2,9.9,42516480
2024-12-02 19:46:47.382,run_7_repetition_17,,,py,180,2,0.0,42516480
2024-12-02 19:46:47.604,run_7_repetition_17,,,py,180,2,0.0,42516480
2024-12-02 19:46:47.833,run_7_repetition_17,,,py,180,2,0.0,42516480
2024-12-02 19:46:48.064,run_7_repetition_17,,,py,180,2,0.0,42516480
2024-12-02 19:46:48.293,run_7_repetition_17,,,py,180,2,0.0,42516480
2024-12-02 19:46:48.523,run_7_repetition_17,,,py,180,2,0.0,42516480
2024-12-02 19:46:48.744,run_7_repetition_17,,,py,180,2,0.0,42516480
2024-12-02 19:46:48.965,run_7_repetition_17,,,py,180,2,0.0,42516480
2024-12-02 19:46:49.187,run_7_repetition_17,,,py,180,2,9.9,42516480
2024-12-02 19:46:49.408,run_7_repetition_17,,,py,180,2,0.0,42516480
2024-12-02 19:46:49.631,run_7_repetition_17,,,py,180,2,0.0,42516480
2024-12-02 19:46:49.851,run_7_repetition_17,,,py,180,2,0.0,42516480
2024-12-02 19:46:50.071,run_7_repetition_17,,,py,180,2,0.0,42516480
2024-12-02 19:46:50.292,run_7_repetition_17,,,py,180,2,0.0,42516480
2024-12-02 19:46:50.513,run_7_repetition_17,,,py,180,2,0.0,42516480
2024-12-02 19:46:50.734,run_7_repetition_17,,,py,180,2,0.0,42516480
2024-12-02 19:46:50.954,run_7_repetition_17,,,py,180,2,0.0,42516480
2024-12-02 19:46:51.184,run_7_repetition_17,,,py,180,2,0.0,42516480
2024-12-02 19:46:51.415,run_7_repetition_17,,,py,180,2,0.0,42516480
2024-12-02 19:46:51.646,run_7_repetition_17,,,py,180,2,0.0,42516480
2024-12-02 19:46:51.875,run_7_repetition_17,,,py,180,2,9.9,42516480
2024-12-02 19:46:52.096,run_7_repetition_17,,,py,180,2,10.0,42516480
2024-12-02 19:46:52.317,run_7_repetition_17,,,py,180,2,0.0,42516480
2024-12-02 19:46:52.539,run_7_repetition_17,,,py,180,2,0.0,42516480
2024-12-02 19:46:52.759,run_7_repetition_17,,,py,180,2,0.0,42516480
2024-12-02 19:46:52.980,run_7_repetition_17,,,py,180,2,0.0,42516480
2024-12-02 19:46:53.202,run_7_repetition_17,,,py,180,2,0.0,42516480
2024-12-02 19:46:53.423,run_7_repetition_17,,,py,180,2,0.0,42516480
2024-12-02 19:46:53.644,run_7_repetition_17,,,py,180,2,0.0,42516480
2024-12-02 19:46:53.864,run_7_repetition_17,,,py,180,2,9.9,42516480
2024-12-02 19:46:54.085,run_7_repetition_17,,,py,180,2,0.0,42516480
2024-12-02 19:46:54.306,run_7_repetition_17,,,py,180,2,0.0,42516480
2024-12-02 19:46:54.527,run_7_repetition_17,,,py,180,2,0.0,42516480
2024-12-02 19:46:54.748,run_7_repetition_17,,,py,180,2,0.0,42516480
2024-12-02 19:46:54.970,run_7_repetition_17,,,py,180,2,0.0,42516480
2024-12-02 19:46:55.190,run_7_repetition_17,,,py,180,2,0.0,42516480
2024-12-02 19:46:55.412,run_7_repetition_17,,,py,180,2,10.0,42516480
2024-12-02 19:46:55.633,run_7_repetition_17,,,py,180,2,0.0,42516480
2024-12-02 19:46:55.853,run_7_repetition_17,,,py,180,2,0.0,42516480
2024-12-02 19:46:56.074,run_7_repetition_17,,,py,180,2,0.0,42516480
2024-12-02 19:46:56.294,run_7_repetition_17,,,py,180,2,0.0,42516480
2024-12-02 19:46:56.515,run_7_repetition_17,,,py,180,2,0.0,42516480
2024-12-02 19:46:56.736,run_7_repetition_17,,,py,180,2,0.0,42516480
2024-12-02 19:46:56.957,run_7_repetition_17,,,py,180,2,0.0,42516480
2024-12-02 19:46:57.177,run_7_repetition_17,,,py,180,2,0.0,42516480
2024-12-02 19:46:57.398,run_7_repetition_17,,,py,180,2,0.0,42516480
2024-12-02 19:46:57.619,run_7_repetition_17,,,py,180,2,0.0,42516480
2024-12-02 19:46:57.840,run_7_repetition_17,,,py,180,2,0.0,42516480
2024-12-02 19:46:58.061,run_7_repetition_17,,,py,180,2,10.0,42516480
2024-12-02 19:46:58.282,run_7_repetition_17,,,py,180,2,0.0,42516480
2024-12-02 19:46:58.503,run_7_repetition_17,,,py,180,2,0.0,42516480
2024-12-02 19:46:58.724,run_7_repetition_17,,,py,180,2,9.9,42516480
2024-12-02 19:46:58.948,run_7_repetition_17,,,py,180,2,0.0,42516480
2024-12-02 19:46:59.178,run_7_repetition_17,,,py,180,2,0.0,42516480
2024-12-02 19:46:59.409,run_7_repetition_17,,,py,180,2,0.0,42516480
2024-12-02 19:46:59.630,run_7_repetition_17,,,py,180,2,0.0,42516480
2024-12-02 19:46:59.850,run_7_repetition_17,,,py,180,2,0.0,42516480
2024-12-02 19:47:00.071,run_7_repetition_17,,,py,180,2,0.0,42516480
2024-12-02 19:47:00.291,run_7_repetition_17,,,py,180,2,10.0,42516480
2024-12-02 19:47:00.513,run_7_repetition_17,,,py,180,2,0.0,42516480
2024-12-02 19:47:00.734,run_7_repetition_17,,,py,180,2,0.0,42516480
2024-12-02 19:47:00.955,run_7_repetition_17,,,py,180,2,0.0,42516480
2024-12-02 19:47:01.175,run_7_repetition_17,,,py,180,2,0.0,42516480
2024-12-02 19:47:01.396,run_7_repetition_17,,,py,180,2,10.0,42516480
2024-12-02 19:47:01.616,run_7_repetition_17,,,py,180,2,0.0,42516480
2024-12-02 19:47:01.838,run_7_repetition_17,,,py,180,2,0.0,42516480
2024-12-02 19:47:02.059,run_7_repetition_17,,,py,180,2,10.0,42516480
2024-12-02 19:47:02.280,run_7_repetition_17,,,py,180,2,0.0,42516480
2024-12-02 19:47:02.501,run_7_repetition_17,,,py,180,2,0.0,42516480
2024-12-02 19:47:02.722,run_7_repetition_17,,,py,180,2,0.0,42516480
2024-12-02 19:47:02.944,run_7_repetition_17,,,py,180,2,0.0,42516480
2024-12-02 19:47:03.165,run_7_repetition_17,,,py,180,2,0.0,42516480
2024-12-02 19:47:03.386,run_7_repetition_17,,,py,180,2,9.9,42516480
2024-12-02 19:47:03.607,run_7_repetition_17,,,py,180,2,0.0,42516480
2024-12-02 19:47:03.828,run_7_repetition_17,,,py,180,2,0.0,42516480
2024-12-02 19:47:04.049,run_7_repetition_17,,,py,180,2,0.0,42516480
2024-12-02 19:47:04.270,run_7_repetition_17,,,py,180,2,0.0,42516480
2024-12-02 19:47:04.491,run_7_repetition_17,,,py,180,2,0.0,42516480
2024-12-02 19:47:04.712,run_7_repetition_17,,,py,180,2,0.0,42516480
2024-12-02 19:47:04.934,run_7_repetition_17,,,py,180,2,0.0,42516480
2024-12-02 19:47:05.155,run_7_repetition_17,,,py,180,2,0.0,42516480
2024-12-02 19:47:05.376,run_7_repetition_17,,,py,180,2,0.0,42516480
2024-12-02 19:47:05.599,run_7_repetition_17,,,py,180,2,0.0,42516480
2024-12-02 19:47:05.819,run_7_repetition_17,,,py,180,2,0.0,42516480
2024-12-02 19:47:06.041,run_7_repetition_17,,,py,180,2,0.0,42516480
2024-12-02 19:47:06.261,run_7_repetition_17,,,py,180,2,0.0,42516480
2024-12-02 19:47:06.481,run_7_repetition_17,,,py,180,2,0.0,42516480
2024-12-02 19:47:06.702,run_7_repetition_17,,,py,180,2,0.0,42516480
2024-12-02 19:47:06.923,run_7_repetition_17,,,py,180,2,0.0,42516480
2024-12-02 19:47:07.144,run_7_repetition_17,,,py,180,2,0.0,42516480
2024-12-02 19:47:07.365,run_7_repetition_17,,,py,180,2,0.0,42516480
2024-12-02 19:47:07.585,run_7_repetition_17,,,py,180,2,0.0,42516480
2024-12-02 19:47:07.806,run_7_repetition_17,,,py,180,2,0.0,42516480
2024-12-02 19:47:08.030,run_7_repetition_17,,,py,180,2,0.0,42516480
2024-12-02 19:47:08.250,run_7_repetition_17,,,py,180,2,0.0,42516480
2024-12-02 19:47:08.470,run_7_repetition_17,,,py,180,2,0.0,42516480
2024-12-02 19:47:08.691,run_7_repetition_17,,,py,180,2,0.0,42516480
2024-12-02 19:47:08.912,run_7_repetition_17,,,py,180,2,10.0,42516480
2024-12-02 19:47:09.133,run_7_repetition_17,,,py,180,2,0.0,42516480
2024-12-02 19:47:09.354,run_7_repetition_17,,,py,180,2,0.0,42516480
2024-12-02 19:47:09.575,run_7_repetition_17,,,py,180,2,0.0,42516480
2024-12-02 19:47:09.797,run_7_repetition_17,,,py,180,2,0.0,42516480
2024-12-02 19:47:10.017,run_7_repetition_17,,,py,180,2,10.0,42516480
2024-12-02 19:47:10.239,run_7_repetition_17,,,py,180,2,0.0,42516480
2024-12-02 19:47:10.460,run_7_repetition_17,,,py,180,2,0.0,42516480
2024-12-02 19:47:10.680,run_7_repetition_17,,,py,180,2,0.0,42516480
2024-12-02 19:47:10.901,run_7_repetition_17,,,py,180,2,0.0,42516480
2024-12-02 19:47:11.122,run_7_repetition_17,,,py,180,2,9.9,42516480
2024-12-02 19:47:11.343,run_7_repetition_17,,,py,180,2,0.0,42516480
2024-12-02 19:47:11.564,run_7_repetition_17,,,py,180,2,0.0,42516480
2024-12-02 19:47:11.785,run_7_repetition_17,,,py,180,2,0.0,42516480
2024-12-02 19:47:12.006,run_7_repetition_17,,,py,180,2,0.0,42516480
2024-12-02 19:47:12.226,run_7_repetition_17,,,py,180,2,0.0,42516480
2024-12-02 19:47:12.448,run_7_repetition_17,,,py,180,2,0.0,42516480
2024-12-02 19:47:12.669,run_7_repetition_17,,,py,180,2,0.0,42516480
2024-12-02 19:47:12.892,run_7_repetition_17,,,py,180,2,0.0,42516480
2024-12-02 19:47:13.122,run_7_repetition_17,,,py,180,2,0.0,42516480
2024-12-02 19:47:13.351,run_7_repetition_17,,,py,180,2,0.0,42516480
2024-12-02 19:47:13.571,run_7_repetition_17,,,py,180,2,0.0,42516480
2024-12-02 19:47:13.792,run_7_repetition_17,,,py,180,2,0.0,42516480
2024-12-02 19:47:14.022,run_7_repetition_17,,,py,180,2,0.0,42516480
2024-12-02 19:47:14.247,run_7_repetition_17,,,py,180,2,0.0,42516480
2024-12-02 19:47:14.468,run_7_repetition_17,,,py,180,2,0.0,42516480
2024-12-02 19:47:14.688,run_7_repetition_17,,,py,180,2,0.0,42516480
2024-12-02 19:47:14.910,run_7_repetition_17,,,py,180,2,0.0,42516480
2024-12-02 19:47:15.131,run_7_repetition_17,,,py,180,2,0.0,42516480
2024-12-02 19:47:15.352,run_7_repetition_17,,,py,180,2,10.0,42516480
2024-12-02 19:47:15.572,run_7_repetition_17,,,py,180,2,0.0,42516480
2024-12-02 19:47:15.793,run_7_repetition_17,,,py,180,2,10.0,42516480
2024-12-02 19:47:16.013,run_7_repetition_17,,,py,180,2,0.0,42516480
2024-12-02 19:47:16.234,run_7_repetition_17,,,py,180,2,0.0,42516480
2024-12-02 19:47:16.455,run_7_repetition_17,,,py,180,2,0.0,42516480
2024-12-02 19:47:16.676,run_7_repetition_17,,,py,180,2,0.0,42516480
2024-12-02 19:47:16.896,run_7_repetition_17,,,py,180,2,0.0,42516480
2024-12-02 19:47:17.117,run_7_repetition_17,,,py,180,2,0.0,42516480
